0.054026
0.073781
0.038880
0.008101
-0.041792
0.030560
0.006575
-0.026298
0.046957
-0.070103
-0.013145
-0.052457
0.021355
0.090360
-0.024300
0.087452
0.023191
-0.078298
-0.021585
0.077485
-0.014316
-0.042712
-0.092546
-0.053748
0.072857
-0.028578
-0.006463
-0.018299
-0.011265
-0.021650
-0.011275
-0.014661
0.072466
0.036700
-0.034603
0.086938
0.012871
-0.033084
-0.002516
-0.023625
-0.017213
0.083675
-0.031654
-0.011049
0.071012
0.012724
0.019075
-0.043167
-0.050215
0.040454
0.067880
0.091451
0.052388
-0.092995
0.053944
-0.046824
0.106573
-0.049014
0.016815
0.101392
0.118893
-0.028770
0.088449
-0.044571
-0.001569
0.003692
-0.023159
0.052882
-0.047874
0.002191
0.006015
-0.025545
-0.090591
-0.083933
0.020537
0.051752
-0.012061
-0.002011
-0.055575
0.077477
0.043842
-0.002185
0.031868
-0.031723
